121	1	7331921
122	1	7397717
123	1	7464024
124	1	7464280
125	1	7464023
126	1	7464281
127	1	7530077
128	1	7595872
129	1	7662177
130	1	7596382
131	1	7596127
132	1	7596127
133	1	7662178
134	1	7662178
135	1	7728227
136	1	7728483
137	1	7794277
138	1	7794019
139	1	7794019
140	1	7794019
141	1	7794019
142	1	7794019
143	1	7794019
144	1	7794019
145	1	7728483
146	1	7794279
147	1	7728484
148	1	7794279
149	1	7794281
150	1	7794279
121	2	7464023
122	2	7530076
123	2	7530077
124	2	7530077
125	2	7596127
126	2	7662178
127	2	7662177
128	2	7728227
129	2	7794019
130	2	7794019
131	2	7794277
132	2	7860070
133	2	7860070
134	2	7794020
135	2	7860328
136	2	7794276
137	2	7794276
138	2	7860070
139	2	7926121
140	2	7926121
141	2	7926121
142	2	7992172
143	2	7992172
144	2	7992172
145	2	7860330
146	2	7926383
147	2	7926383
148	2	7860588
149	2	7926638
150	2	8057710
121	3	7662179
122	3	7662180
123	3	7662178
124	3	7662433
125	3	7662434
126	3	7728229
127	3	7728484
128	3	7794533
129	3	7794534
130	3	7860327
131	3	7992172
132	3	7926121
133	3	7992172
134	3	7926121
135	3	7992173
136	3	7992174
137	3	8058224
138	3	8124273
139	3	8124274
140	3	8124276
141	3	8190070
142	3	8124277
143	3	8124534
144	3	8124277
145	3	8124535
146	3	8124278
147	3	8058743
148	3	8058741
149	3	8190326
150	3	8190069
121	4	7728230
122	4	7728230
123	4	7794278
124	4	7860327
125	4	7926378
126	4	7992429
127	4	7992432
128	4	8058739
129	4	8058996
130	4	8124532
131	4	8190068
132	4	8256376
133	4	8520580
134	4	8718733
135	4	8784784
136	4	8718733
137	4	8652940
138	4	8652682
139	4	8454529
140	4	8256377
141	4	8256377
142	4	8322428
143	4	8322428
144	4	8322428
145	4	8256634
146	4	8322428
147	4	8322429
148	4	8256636
149	4	8256636
150	4	8256636
121	5	7992431
122	5	8058483
123	5	8124533
124	5	8190582
125	5	8256633
126	5	8256892
127	5	8256638
128	5	8388479
129	5	8388735
130	5	8388993
131	5	8850835
132	5	8520837
133	5	7529815
134	5	6539049
135	5	5944590
136	5	6406946
137	5	6736943
138	5	7265352
139	5	7992171
140	5	8784784
141	5	8916887
142	5	8586631
143	5	8520322
144	5	8586373
145	5	8454787
146	5	8454786
147	5	8454786
148	5	8454788
149	5	8388998
150	5	8388740
121	6	8256637
122	6	8322688
123	6	8388739
124	6	8454790
125	6	8455048
126	6	8520842
127	6	8586893
128	6	8586633
129	6	8850835
130	6	8917142
131	6	6802994
132	6	4226487
133	6	3631769
134	6	3168642
135	6	3300482
136	6	3498635
137	6	3696013
138	6	4092317
139	6	4158629
140	6	5018583
141	6	7199043
142	6	8983196
143	6	8917661
144	6	8587665
145	6	8785044
146	6	8785299
147	6	8719248
148	6	8652944
149	6	8652688
150	6	8520842
121	7	8520843
122	7	8652944
123	7	8652944
124	7	8785045
125	7	8851097
126	7	8851097
127	7	8917148
128	7	9115300
129	7	8850834
130	7	4755411
131	7	3037052
132	7	4356264
133	7	5016514
134	7	5279941
135	7	6597861
136	7	6928117
137	7	6400226
138	7	6598636
139	7	6335206
140	7	5411783
141	7	4620723
142	7	5480164
143	7	8784265
144	7	9379760
145	7	9115299
146	7	9181348
147	7	9115556
148	7	9115299
149	7	9049248
150	7	8983199
121	8	8851097
122	8	8983199
123	8	9049250
124	8	9115043
125	8	9181352
126	8	9247404
127	8	9247402
128	8	9709241
129	8	4821977
130	8	2838899
131	8	4093608
132	8	5345736
133	8	6400484
134	8	7786260
135	8	9962326
136	8	11413899
137	8	10819956
138	8	11216778
139	8	10821504
140	8	8776246
141	8	7590176
142	8	6335982
143	8	6007537
144	8	9048727
145	8	9775806
146	8	9577139
147	8	9511602
148	8	9445808
149	8	9379758
150	8	9379247
121	9	9247403
122	9	9313454
123	9	9379505
124	9	9445556
125	9	9445556
126	9	9511605
127	9	10172114
128	9	6803511
129	9	2772846
130	9	5478612
131	9	6863096
132	9	9037354
133	9	11148404
134	9	12138393
135	9	13590735
136	9	14844928
137	9	15240721
138	9	15439134
139	9	15307291
140	9	14581507
141	9	12536763
142	9	8973886
143	9	6665460
144	9	5546215
145	9	9775550
146	9	9907651
147	9	9776064
148	9	9776064
149	9	9776064
150	9	9643449
121	10	9511607
122	10	9643709
123	10	9643709
124	10	9775811
125	10	9709759
126	10	9908168
127	10	9577654
128	10	3104654
129	10	3300738
130	10	6798080
131	10	9632844
132	10	11476850
133	10	12466842
134	10	13061042
135	10	14250213
136	10	15042828
137	10	15439392
138	10	15769646
139	10	16032563
140	10	15834666
141	10	15637545
142	10	12998087
143	10	8643629
144	10	5147323
145	10	7925604
146	10	10568421
147	10	10039756
148	10	10040271
149	10	10040011
150	10	9907912
121	11	9841862
122	11	9973964
123	11	9973964
124	11	10040016
125	11	9973964
126	11	10832624
127	11	6935098
128	11	1717325
129	11	3499150
130	11	7259662
131	11	9433661
132	11	10816085
133	11	12335770
134	11	12930225
135	11	14118630
136	11	14978070
137	11	15572787
138	11	15839056
139	11	16236913
140	11	15969867
141	11	15901751
142	11	14977292
143	11	10886522
144	11	5146804
145	11	5745659
146	11	10899190
147	11	10370524
148	11	10436319
149	11	10370269
150	11	10304219
121	12	10238168
122	12	10304219
123	12	10436321
124	12	10502372
125	12	10436321
126	12	11228932
127	12	5085927
128	12	1651788
129	12	3630735
130	12	7193354
131	12	8509464
132	12	10091585
133	12	12930227
134	12	13788372
135	12	14778882
136	12	15175191
137	12	15440168
138	12	15638837
139	12	15839317
140	12	15971673
141	12	15903556
142	12	15044373
143	12	12075694
144	12	5014187
145	12	5150428
146	12	11361031
147	12	10767086
148	12	10898675
149	12	10766576
150	12	10700525
121	13	10700525
122	13	10766576
123	13	10832627
124	13	10898678
125	13	10898678
126	13	11558931
127	13	4755671
128	13	1717323
129	13	3828888
130	13	6730481
131	13	7915265
132	13	9696573
133	13	12006291
134	13	12997054
135	13	14978327
136	13	16034887
137	13	15242015
138	13	15438877
139	13	16299866
140	13	16235106
141	13	16034628
142	13	15307803
143	13	12141745
144	13	4750759
145	13	5943816
146	13	12021026
147	13	11097084
148	13	11163137
149	13	11162881
150	13	11030780
121	14	11096832
122	14	11228934
123	14	11228934
124	14	11294985
125	14	11228934
126	14	12021545
127	14	7265868
128	14	1519686
129	14	3169670
130	14	6333657
131	14	6531292
132	14	6795241
133	14	9632330
134	14	10754162
135	14	11546521
136	14	13658340
137	14	15770166
138	14	12998603
139	14	12934101
140	14	13924357
141	14	13460961
142	14	13855454
143	14	12603844
144	14	3892873
145	14	7199816
146	14	12417847
147	14	11493133
148	14	11559443
149	14	11558930
150	14	11427087
121	15	11427087
122	15	11559189
123	15	11625240
124	15	11691291
125	15	11691290
126	15	12286004
127	15	10764507
128	15	3629962
129	15	3103102
130	15	4553379
131	15	4685738
132	15	6663913
133	15	8707618
134	15	9501001
135	15	11348620
136	15	9764175
137	15	8643894
138	15	8311827
139	15	9828674
140	15	11085188
141	15	13658856
142	15	11745699
143	15	8314412
144	15	3630217
145	15	10303955
146	15	12549694
147	15	12021284
148	15	12021284
149	15	12021284
150	15	11823391
121	16	11823393
122	16	11955495
123	16	12021547
124	16	12219699
125	16	12285233
126	16	12616776
127	16	11554793
128	16	7188191
129	16	6728670
130	16	6399963
131	16	6399190
132	16	8047108
133	16	8905516
134	16	9832038
135	16	9697092
136	16	6003919
137	16	4157337
138	16	10489700
139	16	8971823
140	16	9634402
141	16	12601782
142	16	10820467
143	16	6267863
144	16	9104181
145	16	12746553
146	16	12549952
147	16	12483641
148	16	12483641
149	16	12351539
150	16	12417590
121	17	12285750
122	17	12417852
123	17	12483901
124	17	12616258
125	17	12682052
126	17	13012565
127	17	12151057
128	17	8309766
129	17	7717367
130	17	7585783
131	17	8576030
132	17	11809164
133	17	12734137
134	17	13724902
135	17	9106246
136	17	7257338
137	17	13527018
138	17	9699929
139	17	12668086
140	17	14583052
141	17	13197269
142	17	11479686
143	17	11809940
144	17	14316786
145	17	13011274
146	17	13012308
147	17	12879947
148	17	12879947
149	17	12813896
150	17	12747845
121	18	12682054
122	18	12748106
123	18	13012050
124	18	13144151
125	18	13144151
126	18	13276509
127	18	13341014
128	18	8906290
129	18	7913715
130	18	7981313
131	18	8180241
132	18	10356824
133	18	12206250
134	18	12141488
135	18	6728414
136	18	10949739
137	18	16827505
138	18	10492542
139	18	11546515
140	18	12933067
141	18	15045924
142	18	12999376
143	18	13194431
144	18	14520882
145	18	13343337
146	18	13474147
147	18	13408355
148	18	13342304
149	18	13276253
150	18	13210202
121	19	13276253
122	19	13342562
123	19	13474406
124	19	13474406
125	19	13606251
126	19	13606249
127	19	14068867
128	19	10162295
129	19	8045558
130	19	7454195
131	19	8376330
132	19	11280248
133	19	12799678
134	19	9762884
135	19	6068424
136	19	7718145
137	19	12603074
138	19	12205738
139	19	11148918
140	19	11017335
141	19	12931264
142	19	13592288
143	19	14713862
144	19	14525795
145	19	13739645
146	19	13870453
147	19	13870712
148	19	13804661
149	19	13672559
150	19	13672559
121	20	13672559
122	20	13738610
123	20	13804661
124	20	13870712
125	20	13936763
126	20	13870712
127	20	14399637
128	20	11751394
129	20	7914486
130	20	7652348
131	20	7189995
132	20	9498162
133	20	11808394
134	20	10751839
135	20	8641569
136	20	8643118
137	20	12405184
138	20	13923579
139	20	15903814
140	20	13129930
141	20	13458894
142	20	14054377
143	20	14782235
144	20	14594948
145	20	14201226
146	20	14200967
147	20	14200967
148	20	14134917
149	20	14134916
150	20	14068865
121	21	14068865
122	21	14134916
123	21	14200967
124	21	14267018
125	21	14333069
126	21	14399120
127	21	14465430
128	21	14464396
129	21	8643632
130	21	7321836
131	21	7915781
132	21	9565244
133	21	7915523
134	21	9499454
135	21	12139940
136	21	14253576
137	21	15839058
138	21	16168538
139	21	14517518
140	21	12865982
141	21	13063359
142	21	14186220
143	21	14588738
144	21	14795943
145	21	14729115
146	21	14663323
147	21	14663323
148	21	14597273
149	21	14597272
150	21	14531222
121	22	14465171
122	22	14597273
123	22	14663324
124	22	14729375
125	22	14729376
126	22	14861479
127	22	14927529
128	22	15125422
129	22	9371487
130	22	6926044
131	22	7783161
132	22	11413377
133	22	7652866
134	22	6068682
135	22	7387125
136	22	9036337
137	22	10356579
138	22	11281288
139	22	12932814
140	22	13394903
141	22	15110422
142	22	14253306
143	22	14859145
144	22	15192506
145	22	15125420
146	22	15059628
147	22	15059628
148	22	15059628
149	22	14993578
150	22	14993580
121	23	14927528
122	23	14993579
123	23	15125680
124	23	15191732
125	23	15191732
126	23	15258039
127	23	15125679
128	23	15919322
129	23	11024570
130	23	6991322
131	23	6992614
132	23	9235246
133	23	10753641
134	23	9235506
135	23	10687339
136	23	12138399
137	23	13063372
138	23	14649886
139	23	15310905
140	23	14120689
141	23	13460175
142	23	13333245
143	23	15785672
144	23	15455935
145	23	15455934
146	23	15455934
147	23	15455934
148	23	15389883
149	23	15389883
150	23	15389884
121	24	15257782
122	24	15389883
123	24	15455934
124	24	15521986
125	24	15521985
126	24	15455676
127	24	15984084
128	24	15588553
129	24	6404878
130	24	7125230
131	24	6860512
132	24	6464721
133	24	10291543
134	24	10818916
135	24	12139937
136	24	13130444
137	24	14319881
138	24	15245109
139	24	15178542
140	24	13592538
141	24	11811482
142	24	14792837
143	24	16380392
144	24	16049876
145	24	16050135
146	24	16050135
147	24	15918291
148	24	15852240
149	24	15786189
150	24	15720138
121	25	15786189
122	25	15852240
123	25	15852240
124	25	15786189
125	25	16644594
126	25	16843008
127	25	16512750
128	25	7793504
129	25	1321536
130	25	6602252
131	25	6794978
132	25	5936578
133	25	6926566
134	25	9499451
135	25	12072857
136	25	13789665
137	25	14649874
138	25	15178540
139	25	13856489
140	25	11478648
141	25	14392390
142	25	16843008
143	25	16182238
144	25	16314599
145	25	16446186
146	25	16446185
147	25	16380391
148	25	16314597
149	25	16248546
150	25	16182495
121	26	16050393
122	26	16116443
123	26	16512751
124	26	16843008
125	26	14267017
126	26	7794276
127	26	4095161
128	26	2179682
129	26	2047580
130	26	3368600
131	26	7989581
132	26	6465755
133	26	5540528
134	26	6134988
135	26	7454201
136	26	8773411
137	26	8971047
138	26	10226010
139	26	10818914
140	26	11545989
141	26	14661767
142	26	16710905
143	26	16843008
144	26	16843008
145	26	16644597
146	26	16512752
147	26	16644853
148	26	16645111
149	26	16710904
150	26	16578802
121	27	16843008
122	27	16843008
123	27	15654089
124	27	9115039
125	27	2840193
126	27	1188918
127	27	1783377
128	27	2311785
129	27	2377836
130	27	1717070
131	27	5020133
132	27	9971891
133	27	7656229
134	27	6530522
135	27	6531808
136	27	6794205
137	27	7849472
138	27	9367348
139	27	11414921
140	27	11817176
141	27	3831474
142	27	5218545
143	27	9247140
144	27	14134916
145	27	16843008
146	27	16843008
147	27	16843008
148	27	16644854
149	27	16710905
150	27	16776956
121	28	13342304
122	28	8454530
123	28	4425417
124	28	2443887
125	28	3170448
126	28	2708091
127	28	2377836
128	28	2245734
129	28	2245734
130	28	2377836
131	28	1453636
132	28	6802995
133	28	11558147
134	28	10564540
135	28	9306209
136	28	9566792
137	28	12075434
138	28	13134313
139	28	15584928
140	28	13342818
141	28	2840195
142	28	2906501
143	28	2377836
144	28	3236499
145	28	6539050
146	28	12021284
147	28	15984344
148	28	16843008
149	28	16843008
150	28	16644854
121	29	2906244
122	29	2245734
123	29	2906244
124	29	3500703
125	29	3236499
126	29	2972295
127	29	2509938
128	29	2443887
129	29	2509938
130	29	2377836
131	29	2377836
132	29	2642039
133	29	10765796
134	29	15454905
135	29	16776695
136	29	12669134
137	29	11669844
138	29	13594881
139	29	16843008
140	29	12219435
141	29	2840193
142	29	3698857
143	29	3500703
144	29	3434652
145	29	2906244
146	29	2840193
147	29	4557519
148	29	9115039
149	29	14465171
150	29	16843008
121	30	3170448
122	30	3368601
123	30	3236499
124	30	3302550
125	30	3236499
126	30	3104397
127	30	2642040
128	30	2509938
129	30	2840193
130	30	2708091
131	30	2840193
132	30	2113890
133	30	7265096
134	30	16049620
135	30	10297243
136	30	9157855
137	30	13110332
138	30	10341607
139	30	11950327
140	30	13078615
141	30	2641782
142	30	3830959
143	30	3434652
144	30	3434652
145	30	3566754
146	30	3698856
147	30	3302550
148	30	2575989
149	30	3368601
150	30	8454529
121	31	3170448
122	31	3170448
123	31	3170448
124	31	3236499
125	31	3236499
126	31	3170448
127	31	2708091
128	31	2443887
129	31	2840193
130	31	2774142
131	31	2708091
132	31	2972295
133	31	3038347
134	31	10435540
135	31	7256322
136	31	5601430
137	31	10674704
138	31	10413858
139	31	8845931
140	31	11822869
141	31	3368602
142	31	3632806
143	31	3500703
144	31	3434652
145	31	3368601
146	31	3500703
147	31	3566754
148	31	3764907
149	31	3632805
150	31	2774142
121	32	3170448
122	32	3170448
123	32	3170448
124	32	3170448
125	32	3170448
126	32	3170448
127	32	2642040
128	32	2509938
129	32	2906244
130	32	2906244
131	32	2972295
132	32	3302550
133	32	2641784
134	32	6275362
135	32	12151063
136	32	8513872
137	32	6389654
138	32	12334241
139	32	16050137
140	32	11755530
141	32	3632544
142	32	3434909
143	32	3632548
144	32	3434652
145	32	3368601
146	32	3500703
147	32	3434652
148	32	3500703
149	32	3698856
150	32	3764907
121	33	3170448
122	33	3170448
123	33	3104397
124	33	3038346
125	33	3104397
126	33	3236499
127	33	2575989
128	33	2245734
129	33	2642040
130	33	2840193
131	33	3104397
132	33	3302550
133	33	3368601
134	33	2840193
135	33	9576104
136	33	8646746
137	33	6786219
138	33	11470672
139	33	16843008
140	33	13869937
141	33	3830441
142	33	3236757
143	33	3500703
144	33	3500960
145	33	3566754
146	33	3434652
147	33	3368601
148	33	3632805
149	33	3632805
150	33	3632805
121	34	3104397
122	34	3170448
123	34	3170448
124	34	3170448
125	34	3104397
126	34	3104397
127	34	3104397
128	34	2642040
129	34	2113632
130	34	2113632
131	34	3170448
132	34	3236499
133	34	3302550
134	34	2840193
135	34	5217769
136	34	6925545
137	34	7050160
138	34	11068426
139	34	14058281
140	34	13210458
141	34	4027820
142	34	3236758
143	34	3434652
144	34	3434652
145	34	3434652
146	34	3302550
147	34	3368601
148	34	3632805
149	34	3566754
150	34	3632805
121	35	2708091
122	35	3170448
123	35	3170448
124	35	3170448
125	35	3170448
126	35	3104397
127	35	3170448
128	35	3302550
129	35	2774142
130	35	2708091
131	35	3302550
132	35	3236499
133	35	3236499
134	35	3236499
135	35	2906760
136	35	4551066
137	35	6919351
138	35	12253992
139	35	11731776
140	35	8845927
141	35	4820947
142	35	3104398
143	35	3434652
144	35	3302550
145	35	3368601
146	35	3302550
147	35	3434652
148	35	3566754
149	35	3632805
150	35	3632805
121	36	2245734
122	36	2972295
123	36	3236499
124	36	3170448
125	36	3170448
126	36	3170448
127	36	3038346
128	36	3038346
129	36	2840193
130	36	3170448
131	36	3236499
132	36	3236499
133	36	3236499
134	36	3236241
135	36	3236758
136	36	2840967
137	36	6854845
138	36	11925802
139	36	12649007
140	36	7780332
141	36	4425416
142	36	3301778
143	36	3368601
144	36	3302550
145	36	3302550
146	36	3302550
147	36	3434652
148	36	3566754
149	36	3632805
150	36	3632805
121	37	2642040
122	37	2443887
123	37	3236499
124	37	3302550
125	37	3170448
126	37	3170448
127	37	3104397
128	37	3038346
129	37	2377836
130	37	3104397
131	37	3236499
132	37	3236499
133	37	3170448
134	37	3170448
135	37	3170447
136	37	2907792
137	37	5867957
138	37	11662370
139	37	12979518
140	37	8831474
141	37	3567527
142	37	3368600
143	37	3368601
144	37	3302550
145	37	3368601
146	37	3302550
147	37	3434652
148	37	3566754
149	37	3566754
150	37	3632805
121	38	2708091
122	38	2179683
123	38	2972295
124	38	3236499
125	38	3170448
126	38	3236499
127	38	3104397
128	38	3170448
129	38	2443887
130	38	2509938
131	38	3302550
132	38	3170448
133	38	3170448
134	38	3170448
135	38	3236241
136	38	3039121
137	38	3959961
138	38	11003156
139	38	13110333
140	38	9294086
141	38	3435425
142	38	3368601
143	38	3302550
144	38	3368601
145	38	3302550
146	38	3302550
147	38	3434652
148	38	3434652
149	38	3500703
150	38	3632805
121	39	2377836
122	39	2047581
123	39	2575989
124	39	3104397
125	39	3170448
126	39	3236499
127	39	3170448
128	39	3170448
129	39	2972295
130	39	2047581
131	39	2906244
132	39	3236499
133	39	3170448
134	39	3170448
135	39	3170449
136	39	3368084
137	39	2578057
138	39	7319006
139	39	13703243
140	39	8369890
141	39	3898300
142	39	3434136
143	39	3368601
144	39	3368601
145	39	3302550
146	39	3368601
147	39	3368601
148	39	3434652
149	39	3566754
150	39	3632805
121	40	2972295
122	40	2113632
123	40	2311785
124	40	2906244
125	40	3170448
126	40	3170448
127	40	3170448
128	40	3170448
129	40	3302550
130	40	2575989
131	40	2179683
132	40	3170448
133	40	3170448
134	40	3104397
135	40	3170448
136	40	3236241
137	40	3104658
138	40	3763357
139	40	12454465
140	40	7315657
141	40	2709897
142	40	3566494
143	40	3368601
144	40	3302550
145	40	3368601
146	40	3368601
147	40	3434652
148	40	3434652
149	40	3500703
150	40	3632805